00000000, 00000000, 00000000, 00000000, 00067452
00000000, 00000000, 00000000, 00000000, 000C20BB
00000000, 00000000, 00000000, 00000000, 000C7BD9
00000000, 00000000, 00000000, 00000000, 0006AEBC
00000000, 00000000, 00000000, 00000000, 000036B1
00000000, 00005435, 00000000, 00000000, 000008F3
000008F3, 00000000, 00000000, 00000000, 00005435
00000000, 00000000, 00000000, 00000000, 0006DD85
00000000, 0007810D, 00000000, 00000000, 0007FAFB
0007FAFB, 00000000, 00000000, 00000000, 0007810D
00000000, 00070AE3, 00000000, 00000000, 0007FB09
0007FB09, 00000000, 00000000, 00000000, 00070AE3
00000000, 00000000, 00000000, 00000000, 0006C2B3
00000000, 0007593B, 00000000, 00000000, 00076596
00076596, 0007593F, 00000000, 00000000, 0007593B
0007593B, 00078F03, 00000000, 00000000, 0007593F
0007593F, 0007FF2B, 00000000, 00000000, 00078F03
00078F03, 0007E554, 00000000, 00000000, 0007FF2B
0007FF2B, 00077EF4, 00000000, 00000000, 0007E554
0007E554, 000767F8, 00000000, 00000000, 00077EF4
00077EF4, 00079A95, 00000000, 00000000, 000767F8
000767F8, 0007FEB3, 00000000, 00000000, 00079A95
00079A95, 0007F32F, 00000000, 00000000, 0007FEB3
0007FEB3, 00076BE5, 00000000, 00000000, 0007F32F
0007F32F, 00000000, 00000000, 00000000, 00076BE5
00000000, 00000000, 00000000, 00000000, 0007FB17
00000000, 00000000, 00000000, 00000000, 00067B16
00000000, 00000000, 00000000, 00000000, 0007C52A
00000000, 00000000, 00000000, 00000000, 0007C1AA
00000000, 00000000, 00000000, 00000000, 0007736A
00000000, 00070FFF, 00000000, 00000000, 0007B353
0007B353, 00000000, 00000000, 00000000, 00070FFF
00000000, 00000000, 00000000, 00000000, 0007FB19
00000000, 00000000, 00000000, 00000000, 0007FB1C
00000000, 00000000, 00000000, 00000000, 0006C2AE
00000000, 00000000, 00000000, 00000000, 0006C2AE
00000000, 00000000, 00000000, 00000000, 0006C2AE
00000000, 00000000, 00000000, 00000000, 000709DC
00000000, 00000000, 00000000, 00000000, 00005546
00000000, 00000000, 00000000, 00000000, 0000EA48
00000000, 00000000, 00000000, 00000000, 0007FB21
00000000, 00000000, 00000000, 00000000, 0006C2AA
00000000, 00000000, 00000000, 00000000, 00071B90
00000000, 00000000, 00000000, 00000000, 00071B8C
00000000, 00000000, 00000000, 00000000, 00071B97
00000000, 00000000, 00000000, 00000000, 00071ECA
00000000, 00000000, 00000000, 00000000, 00071B92
00000000, 00000000, 00000000, 00000000, 000765B6
00000000, 00000000, 00000000, 00000000, 000765B4
00000000, 00000000, 00000000, 00000000, 000765AC
00000000, 00000000, 00000000, 00000000, 0006EC68
00000000, 00000000, 00000000, 00000000, 0007B054
00000000, 00000000, 00000000, 00000000, 0007B2DB
00000000, 00000000, 00000000, 00000000, 0007A29D
00000000, 00000000, 00000000, 00000000, 0007A1D6
00000000, 00000000, 00000000, 00000000, 0007A8B3
00000000, 00000000, 00000000, 00000000, 0006EC68
00000000, 00000000, 00000000, 00000000, 00071027
00000000, 00000000, 00000000, 00000000, 0007BE57
00000000, 00005435, 00000000, 00000000, 000008F3
000008F3, 00000000, 00000000, 00000000, 00005435
00000000, 00069E20, 00000000, 00000000, 0006AF62
0006AF62, 00000000, 00000000, 00000000, 00069E20
00000000, 00000000, 00000000, 00000000, 00061520
00000000, 00000000, 00000000, 00000000, 0006A061
00000000, 00000000, 00000000, 00000000, 0006DD08
00000000, 00000000, 00000000, 00000000, 0006BFBB
00000000, 00000000, 00000000, 00000000, 0006D1F3
00000000, 00012DFB, 00000000, 00000000, 000187E7
000187E7, 00000000, 00000000, 00000000, 00012DFB
00000000, 00000000, 00000000, 00000000, 00013AEB
00000000, 0000152E, 00000000, 00000000, 00007DED
00007DED, 00000000, 00000000, 00000000, 0000152E
00000000, 000C20A0, 00000000, 00000000, 000CB61C
000CB61C, 00000000, 00000000, 00000000, 000C20A0
00000000, 00000000, 00000000, 00000000, 000C0E8D
00000000, 00000000, 00000000, 00000000, 000CC6A2
00000000, 000CC76D, 00000000, 00000000, 000C9F74
000C9F74, 00000000, 00000000, 00000000, 000CC76D
00000000, 000C2C67, 00000000, 00000000, 000CE670
000CE670, 00000000, 00000000, 00000000, 000C2C67
00000000, 000C4270, 00000000, 00000000, 000C06C6
000C06C6, 00000000, 00000000, 00000000, 000C4270
00000000, 000CA45F, 00000000, 00000000, 000C08F0
000C08F0, 00000000, 00000000, 00000000, 000CA45F
00000000, 00000000, 00000000, 00000000, 0006743D
00000000, 00067445, 00000000, 00000000, 00062B20
00062B20, 000697B0, 00000000, 00000000, 00067445
00067445, 00000000, 00000000, 00000000, 000697B0
00000000, 00000000, 00000000, 00000000, 000633DB
00000000, 00067D1A, 00000000, 00000000, 00067CFE
00067CFE, 00000000, 00000000, 00000000, 00067D1A
00000000, 00000000, 00000000, 00000000, 00067CE0
00000000, 00061535, 00000000, 00000000, 00062184
00062184, 00000000, 00000000, 00000000, 00061535
00000000, 00000000, 00000000, 00000000, 00062E6E
00000000, 0006260F, 00000000, 00000000, 000630D8
000630D8, 00000000, 00000000, 00000000, 0006260F
00000000, 00062DD9, 00000000, 00000000, 00064C0C
00064C0C, 00000000, 00000000, 00000000, 00062DD9
00000000, 00000000, 00000000, 00000000, 0000059A
00000000, 00000000, 00000000, 00000000, 000CE7BE
00000000, 00000000, 00000000, 00000000, 0000A0DF
00000000, 00000000, 00000000, 00000000, 0000B563
00000000, 00000000, 00000000, 00000000, 0000FBFA
00000000, 00000000, 00000000, 00000000, 000008B2
00000000, 00000000, 00000000, 00000000, 00002E6A
00000000, 00000000, 00000000, 00000000, 00009CF8
00000000, 00000000, 00000000, 00000000, 00000000
00000000, 00000000, 00000000, 00000000, 00000000
00000000, 00000000, 00000000, 00000000, 00000000
00000000, 00000000, 00000000, 00000000, 00000000
00000000, 00000000, 00000000, 00000000, 00000000
00000000, 00000000, 00000000, 00000000, 00000000
00000000, 00000000, 00000000, 00000000, 00000000
00000000, 00000000, 00000000, 00000000, 00000000
00000000, 00000000, 00000000, 00000000, 00000000
00000000, 00630500, 00000000, 00000000, 00000000
